163.4
164.1
163.8
165.2
166.5
167.0
166.8
168.1
169.4
170.2
171.0
170.7
172.5
173.3
174.0
175.1
175.6
176.4
175.8
177.2
178.0
177.5
178.4
179.0
178.7
179.2
178.9
179.5
179.0
179.3
583.47
596.32
578.89
602.15
591.64
570.21
605.78
581.02
595.45
573.89
600.34
586.97
569.53
610.22
582.68
598.31
575.44
604.19
588.57
567.83
613.49
584.12
599.76
577.95
606.28
585.61
574.36
601.88
590.03
572.59
730.24
745.67
734.12
759.83
748.55
772.19
739.41
764.90
751.32
735.76
760.48
749.02
774.35
742.87
770.16
756.43
779.59
743.18
762.94
753.27
778.05
735.66
766.33
747.89
785.52
742.10
770.81
759.64
795.27
748.73
