110.3
111.1
110.8
112.5
113.2
114.6
115.1
114.8
116.3
117.5
118.2
119.6
120.1
121.3
122.8
123.5
124.9
125.2
126.7
127.9
129.3
130.5
131.2
132.8
133.4
134.6
135.9
137.2
139.5
141.3
130.02
130.81
130
130.46
130.69
130
130.04
130
130
130
130
130
130.2
130.73
130
130
130
130
130.43
131.04
131.76
130.77
131.56
131.36
132.06
132.67
132.96
132.67
131.97
132.44
6.02
6.08
6.13
6.16
6.23
6.18
6.25
6.31
6.28
6.34
6.37
6.40
6.42
6.46
6.51
6.48
6.53
6.56
6.59
6.62
6.67
6.64
6.71
6.75
6.72
6.79
6.83
6.78
6.85
6.88
6.91
